/*--------------------------------*- C++ -*----------------------------------*\
  =========                 |
  \\      /  F ield         | OpenFOAM: The Open Source CFD Toolbox
   \\    /   O peration     | Website:  https://openfoam.org
    \\  /    A nd           | Version:  11
     \\/     M anipulation  |
\*---------------------------------------------------------------------------*/
FoamFile
{
    format      ascii;
    class       vectorField;
    location    "constant/polyMesh";
    object      points;
}
// * * * * * * * * * * * * * * * * * * * * * * * * * * * * * * * * * * * * * //


164
(
(0 0 0)
(0.157 0 0)
(0.314 0 0)
(0.471 0 0)
(0.628 0 0)
(0.785 0 0)
(0.942 0 0)
(1.099 0 0)
(1.256 0 0)
(1.413 0 0)
(1.57 0 0)
(1.727 0 0)
(1.884 0 0)
(2.041 0 0)
(2.198 0 0)
(2.355 0 0)
(2.512 0 0)
(2.669 0 0)
(2.826 0 0)
(2.983 0 0)
(3.14 0 0)
(3.297 0 0)
(3.454 0 0)
(3.611 0 0)
(3.768 0 0)
(3.925 0 0)
(4.082 0 0)
(4.239 0 0)
(4.396 0 0)
(4.553 0 0)
(4.71 0 0)
(4.867 0 0)
(5.024 0 0)
(5.181 0 0)
(5.338 0 0)
(5.495 0 0)
(5.652 0 0)
(5.809 0 0)
(5.966 0 0)
(6.123 0 0)
(6.28 0 0)
(0 1 0)
(0.157 1 0)
(0.314 1 0)
(0.471 1 0)
(0.628 1 0)
(0.785 1 0)
(0.942 1 0)
(1.099 1 0)
(1.256 1 0)
(1.413 1 0)
(1.57 1 0)
(1.727 1 0)
(1.884 1 0)
(2.041 1 0)
(2.198 1 0)
(2.355 1 0)
(2.512 1 0)
(2.669 1 0)
(2.826 1 0)
(2.983 1 0)
(3.14 1 0)
(3.297 1 0)
(3.454 1 0)
(3.611 1 0)
(3.768 1 0)
(3.925 1 0)
(4.082 1 0)
(4.239 1 0)
(4.396 1 0)
(4.553 1 0)
(4.71 1 0)
(4.867 1 0)
(5.024 1 0)
(5.181 1 0)
(5.338 1 0)
(5.495 1 0)
(5.652 1 0)
(5.809 1 0)
(5.966 1 0)
(6.123 1 0)
(6.28 1 0)
(0 0 0.1)
(0.157 0 0.1)
(0.314 0 0.1)
(0.471 0 0.1)
(0.628 0 0.1)
(0.785 0 0.1)
(0.942 0 0.1)
(1.099 0 0.1)
(1.256 0 0.1)
(1.413 0 0.1)
(1.57 0 0.1)
(1.727 0 0.1)
(1.884 0 0.1)
(2.041 0 0.1)
(2.198 0 0.1)
(2.355 0 0.1)
(2.512 0 0.1)
(2.669 0 0.1)
(2.826 0 0.1)
(2.983 0 0.1)
(3.14 0 0.1)
(3.297 0 0.1)
(3.454 0 0.1)
(3.611 0 0.1)
(3.768 0 0.1)
(3.925 0 0.1)
(4.082 0 0.1)
(4.239 0 0.1)
(4.396 0 0.1)
(4.553 0 0.1)
(4.71 0 0.1)
(4.867 0 0.1)
(5.024 0 0.1)
(5.181 0 0.1)
(5.338 0 0.1)
(5.495 0 0.1)
(5.652 0 0.1)
(5.809 0 0.1)
(5.966 0 0.1)
(6.123 0 0.1)
(6.28 0 0.1)
(0 1 0.1)
(0.157 1 0.1)
(0.314 1 0.1)
(0.471 1 0.1)
(0.628 1 0.1)
(0.785 1 0.1)
(0.942 1 0.1)
(1.099 1 0.1)
(1.256 1 0.1)
(1.413 1 0.1)
(1.57 1 0.1)
(1.727 1 0.1)
(1.884 1 0.1)
(2.041 1 0.1)
(2.198 1 0.1)
(2.355 1 0.1)
(2.512 1 0.1)
(2.669 1 0.1)
(2.826 1 0.1)
(2.983 1 0.1)
(3.14 1 0.1)
(3.297 1 0.1)
(3.454 1 0.1)
(3.611 1 0.1)
(3.768 1 0.1)
(3.925 1 0.1)
(4.082 1 0.1)
(4.239 1 0.1)
(4.396 1 0.1)
(4.553 1 0.1)
(4.71 1 0.1)
(4.867 1 0.1)
(5.024 1 0.1)
(5.181 1 0.1)
(5.338 1 0.1)
(5.495 1 0.1)
(5.652 1 0.1)
(5.809 1 0.1)
(5.966 1 0.1)
(6.123 1 0.1)
(6.28 1 0.1)
)


// ************************************************************************* //
